4294967278,116
4294967279,24
4294967279,12
4294967279,8
4294967293,131
4294967293,130
4294967293,129
4294967293,128
4294967293,127
4294967293,126
4294967293,125
4294967293,124
4294967293,123
4294967293,122
4294967293,121
4294967293,120
4294967293,119
4294967293,118
4294967293,117
4294967293,116
4294967293,115
4294967293,114
4294967293,113
4294967293,112
4294967293,111
4294967293,110
4294967293,109
4294967293,108
4294967293,107
4294967293,106
4294967293,105
4294967293,104
4294967293,103
4294967293,102
4294967293,101
4294967293,100
4294967293,99
4294967293,98
4294967293,97
4294967293,96
4294967293,95
4294967293,94
4294967293,93
4294967293,92
4294967293,91
4294967293,90
4294967293,89
4294967293,87
4294967293,86
4294967293,85
4294967293,84
4294967293,83
4294967293,82
4294967293,81
4294967293,80
4294967293,79
4294967293,78
4294967293,77
4294967293,76
4294967293,75
4294967293,74
4294967293,73
4294967293,72
4294967293,71
4294967293,70
4294967293,69
4294967293,68
4294967293,67
4294967293,66
4294967293,65
4294967293,64
4294967293,63
4294967293,62
4294967293,61
4294967293,60
4294967293,59
4294967293,58
4294967293,57
4294967293,56
4294967293,55
4294967293,54
4294967293,53
4294967293,52
4294967293,51
4294967293,50
4294967293,49
4294967293,48
4294967293,47
4294967293,46
4294967293,45
4294967293,44
4294967293,43
4294967293,42
4294967293,41
4294967293,40
4294967293,39
4294967293,38
4294967293,37
4294967293,36
4294967293,35
4294967293,34
4294967293,33
4294967293,32
4294967293,31
4294967293,30
4294967293,29
4294967293,28
4294967293,27
4294967293,26
4294967293,25
4294967293,24
4294967293,23
4294967293,22
4294967293,21
4294967293,20
4294967293,19
4294967293,18
4294967293,17
4294967293,16
4294967293,15
4294967293,14
4294967293,13
4294967293,12
4294967293,11
4294967293,10
4294967293,9
4294967293,8
4294967293,7
4294967293,6
4294967293,5
4294967293,4
4294967293,3
4294967279,120
4294967279,119
4294967279,118
4294967279,117
4294967279,115
4294967279,114
4294967279,113
4294967279,112
4294967279,111
4294967279,110
4294967279,108
4294967279,104
4294967279,103
4294967279,102
4294967279,101
4294967279,99
4294967279,96
4294967279,95
4294967279,94
4294967279,93
4294967279,92
4294967279,91
4294967279,89
4294967279,87
4294967279,86
4294967279,85
4294967279,84
4294967279,82
4294967279,81
4294967279,79
4294967279,78
4294967279,77
4294967279,76
4294967278,387
4294967279,170
4294967278,166
4294967294,12
4294967278,298
4294967279,162
4294967279,161
4294967279,291
4294967279,152
4294967278,152
4294967278,151
4294967278,379
4294967279,528
4294967278,386
4294967278,385
4294967279,142
4294967278,142
133,5
133,4
133,3
133,2
133,1
4294967279,286
4294967278,277
4294967278,331
4294967279,525
4294967278,329
4294967278,328
4294967279,268
4294967279,267
4294967278,273
4294967278,268
131,6
131,5
4294967279,265
131,4
4294967278,269
131,3
131,2
131,1
4294967294,1419
4294967279,546
4294967278,323
4294967279,254
4294967279,517
4294967279,514
4294967278,318
128,6
4294967279,251
4294967279,116
4294967279,543
4294967294,163
4294967294,997
4294967294,1006
4294967278,251
128,5
128,4
128,3
128,2
128,1
4294967278,240
4294967279,109
126,4
126,3
126,2
126,1
4294967279,228
4294967278,228
4294967278,226
4294967279,106
4294967278,224
4294967278,225
4294967279,107
4294967279,224
4294967279,222
4294967278,222
125,6
4294967279,105
4294967279,219
4294967279,217
125,5
4294967279,100
4294967279,317
125,4
4294967279,213
125,3
125,2
125,1
4294967279,212
4294967279,97
4294967279,209
4294967279,98
4294967279,316
4294967279,537
4294967278,209
124,5
4294967279,208
4294967278,207
4294967279,207
124,4
124,3
124,2
124,1
4294967279,325
4294967278,312
4294967279,206
4294967279,204
4294967279,556
4294967279,83
4294967294,396
4294967294,385
4294967294,406
4294967294,148
4294967294,415
4294967294,175
4294967294,116
4294967294,455
4294967294,112
4294967294,110
4294967294,459
4294967279,90
4294967279,555
4294967278,350
4294967279,324
4294967278,199
4294967279,199
4294967278,198
4294967279,198
4294967278,197
123,4
123,3
123,2
123,1
4294967279,535
4294967278,196
4294967278,194
4294967279,194
4294967278,193
4294967279,193
4294967278,192
4294967279,192
4294967278,189
4294967279,191
121,5
4294967278,188
4294967278,187
121,4
4294967279,187
121,3
121,2
121,1
4294967279,273
4294967278,186
4294967279,186
4294967279,185
4294967279,183
120,4
4294967278,182
120,3
120,2
120,1
4294967278,306
4294967279,182
4294967278,181
4294967279,566
4294967278,342
4294967279,304
4294967278,305
4294967279,531
4294967278,304
4294967278,384
4294967278,260
4294967278,341
4294967279,323
4294967278,340
4294967279,527
4294967279,575
4294967278,375
4294967278,381
4294967279,574
4294967278,308
4294967279,124
4294967279,121
4294967279,533
4294967279,80
4294967279,573
4294967278,301
4294967279,300
4294967278,300
4294967279,299
4294967278,299
4294967278,164
4294967279,322
4294967278,296
4294967278,161
4294967278,158
4294967278,160
119,5
119,4
4294967278,159
119,3
119,2
119,1
4294967278,157
4294967278,156
4294967279,155
4294967279,292
4294967278,155
4294967294,193
4294967294,161
4294967278,154
4294967278,293
4294967279,151
4294967279,549
4294967278,380
4294967278,150
4294967279,563
4294967278,335
4294967279,148
4294967278,147
4294967279,146
4294967279,143
4294967278,146
117,6
4294967279,145
117,5
4294967278,145
117,4
4294967279,144
117,3
117,2
117,1
4294967279,572
4294967278,144
4294967278,290
4294967279,287
4294967278,141
4294967279,571
4294967279,139
4294967278,139
4294967278,333
4294967278,138
4294967279,135
